=============step:[0]==============
1 x x 2 
1 x x 2 
3 4 4 5 
3 7 8 5 
6 0 0 9 
=============step:[1]==============
1 x x 2 
1 x x 2 
3 4 4 5 
3 7 8 5 
0 6 0 9 
=============step:[2]==============
1 x x 2 
1 x x 2 
0 4 4 5 
3 7 8 5 
3 6 0 9 
=============step:[3]==============
1 x x 2 
1 x x 2 
4 4 0 5 
3 7 8 5 
3 6 0 9 
=============step:[4]==============
1 x x 2 
1 x x 2 
4 4 8 5 
3 7 0 5 
3 6 0 9 
=============step:[5]==============
1 x x 2 
1 x x 2 
4 4 8 5 
3 7 0 5 
3 6 9 0 
=============step:[6]==============
1 x x 2 
1 x x 2 
4 4 8 0 
3 7 0 5 
3 6 9 5 
=============step:[7]==============
1 x x 2 
1 x x 2 
4 4 0 8 
3 7 0 5 
3 6 9 5 
=============step:[8]==============
1 x x 2 
1 x x 2 
0 4 4 8 
3 7 0 5 
3 6 9 5 
=============step:[9]==============
1 x x 2 
1 x x 2 
3 4 4 8 
3 7 0 5 
0 6 9 5 
=============step:[10]==============
1 x x 2 
1 x x 2 
3 4 4 8 
3 7 0 5 
6 0 9 5 
=============step:[11]==============
1 x x 2 
1 x x 2 
3 4 4 8 
3 7 0 5 
6 9 0 5 
=============step:[12]==============
1 x x 2 
1 x x 2 
3 4 4 8 
3 7 5 0 
6 9 5 0 
=============step:[13]==============
1 x x 2 
1 x x 2 
3 4 4 0 
3 7 5 8 
6 9 5 0 
=============step:[14]==============
1 x x 2 
1 x x 2 
3 0 4 4 
3 7 5 8 
6 9 5 0 
=============step:[15]==============
1 x x 2 
1 x x 2 
3 7 4 4 
3 0 5 8 
6 9 5 0 
=============step:[16]==============
1 x x 2 
1 x x 2 
3 7 4 4 
3 0 5 0 
6 9 5 8 
=============step:[17]==============
1 x x 2 
1 x x 2 
3 7 4 4 
3 9 5 0 
6 0 5 8 
=============step:[18]==============
1 x x 2 
1 x x 2 
3 7 4 4 
3 9 5 0 
0 6 5 8 
=============step:[19]==============
1 x x 2 
1 x x 2 
0 7 4 4 
3 9 5 0 
3 6 5 8 
=============step:[20]==============
1 x x 2 
1 x x 2 
7 0 4 4 
3 9 5 0 
3 6 5 8 
=============step:[21]==============
1 x x 2 
1 x x 2 
7 4 4 0 
3 9 5 0 
3 6 5 8 
=============step:[22]==============
1 x x 0 
1 x x 2 
7 4 4 2 
3 9 5 0 
3 6 5 8 
=============step:[23]==============
1 x x 0 
1 x x 0 
7 4 4 2 
3 9 5 2 
3 6 5 8 
=============step:[24]==============
1 0 x x 
1 0 x x 
7 4 4 2 
3 9 5 2 
3 6 5 8 
=============step:[25]==============
0 1 x x 
0 1 x x 
7 4 4 2 
3 9 5 2 
3 6 5 8 
=============step:[26]==============
0 1 x x 
7 1 x x 
0 4 4 2 
3 9 5 2 
3 6 5 8 
=============step:[27]==============
0 1 x x 
7 1 x x 
3 4 4 2 
3 9 5 2 
0 6 5 8 
=============step:[28]==============
0 1 x x 
7 1 x x 
3 4 4 2 
3 9 5 2 
6 0 5 8 
=============step:[29]==============
7 1 x x 
0 1 x x 
3 4 4 2 
3 9 5 2 
6 0 5 8 
=============step:[30]==============
7 1 x x 
3 1 x x 
3 4 4 2 
0 9 5 2 
6 0 5 8 
=============step:[31]==============
7 1 x x 
3 1 x x 
3 4 4 2 
9 0 5 2 
6 0 5 8 
=============step:[32]==============
7 1 x x 
3 1 x x 
3 4 4 2 
9 5 0 2 
6 5 0 8 
=============step:[33]==============
7 1 x x 
3 1 x x 
3 4 4 2 
9 5 0 2 
6 5 8 0 
=============step:[34]==============
7 1 x x 
3 1 x x 
3 4 4 0 
9 5 0 2 
6 5 8 2 
=============step:[35]==============
7 1 x x 
3 1 x x 
3 0 4 4 
9 5 0 2 
6 5 8 2 
=============step:[36]==============
7 1 x x 
3 1 x x 
3 5 4 4 
9 5 0 2 
6 0 8 2 
=============step:[37]==============
7 1 x x 
3 1 x x 
3 5 4 4 
9 5 0 2 
0 6 8 2 
=============step:[38]==============
7 1 x x 
3 1 x x 
3 5 4 4 
9 5 8 2 
0 6 0 2 
=============step:[39]==============
7 1 x x 
3 1 x x 
3 5 4 4 
9 5 8 2 
0 0 6 2 
=============step:[40]==============
7 1 x x 
3 1 x x 
3 0 4 4 
9 5 8 2 
0 5 6 2 
=============step:[41]==============
7 0 x x 
3 1 x x 
3 1 4 4 
9 5 8 2 
0 5 6 2 
=============step:[42]==============
0 7 x x 
3 1 x x 
3 1 4 4 
9 5 8 2 
0 5 6 2 
=============step:[43]==============
3 7 x x 
3 1 x x 
0 1 4 4 
9 5 8 2 
0 5 6 2 
=============step:[44]==============
3 7 x x 
3 1 x x 
9 1 4 4 
0 5 8 2 
0 5 6 2 
=============step:[45]==============
3 7 x x 
3 1 x x 
9 1 4 4 
5 0 8 2 
5 0 6 2 
=============step:[46]==============
3 7 x x 
3 0 x x 
9 1 4 4 
5 1 8 2 
5 0 6 2 
=============step:[47]==============
3 7 x x 
3 0 x x 
9 0 4 4 
5 1 8 2 
5 1 6 2 
=============step:[48]==============
3 7 x x 
3 0 x x 
0 9 4 4 
5 1 8 2 
5 1 6 2 
=============step:[49]==============
3 7 x x 
3 9 x x 
0 0 4 4 
5 1 8 2 
5 1 6 2 
=============step:[50]==============
3 7 x x 
3 9 x x 
0 4 4 0 
5 1 8 2 
5 1 6 2 
=============step:[51]==============
3 7 x x 
3 9 x x 
0 4 4 2 
5 1 8 2 
5 1 6 0 
=============step:[52]==============
3 7 x x 
3 9 x x 
4 4 0 2 
5 1 8 2 
5 1 6 0 
=============step:[53]==============
3 7 x x 
3 9 x x 
4 4 0 2 
5 1 8 2 
5 1 0 6 
=============step:[54]==============
3 7 x x 
3 9 x x 
4 4 0 2 
5 1 0 2 
5 1 8 6 
=============step:[55]==============
3 7 x x 
3 9 x x 
4 4 2 0 
5 1 2 0 
5 1 8 6 
=============step:[56]==============
3 7 x x 
3 9 x x 
4 4 2 0 
5 1 2 6 
5 1 8 0 
=============step:[57]==============
3 7 x x 
3 9 x x 
4 4 2 0 
5 1 2 6 
5 1 0 8 
=============step:[58]==============
3 7 x x 
3 9 x x 
4 4 0 0 
5 1 2 6 
5 1 2 8 
=============step:[59]==============
3 7 x x 
3 9 x x 
0 4 4 0 
5 1 2 6 
5 1 2 8 
=============step:[60]==============
0 7 x x 
3 9 x x 
3 4 4 0 
5 1 2 6 
5 1 2 8 
=============step:[61]==============
0 7 x x 
3 9 x x 
3 0 4 4 
5 1 2 6 
5 1 2 8 
=============step:[62]==============
0 7 x x 
3 9 x x 
3 1 4 4 
5 1 2 6 
5 0 2 8 
=============step:[63]==============
7 0 x x 
3 9 x x 
3 1 4 4 
5 1 2 6 
5 0 2 8 
=============step:[64]==============
7 9 x x 
3 0 x x 
3 1 4 4 
5 1 2 6 
5 0 2 8 
=============step:[65]==============
7 9 x x 
3 1 x x 
3 1 4 4 
5 0 2 6 
5 0 2 8 
=============step:[66]==============
7 9 x x 
3 1 x x 
3 1 4 4 
5 2 0 6 
5 2 0 8 
=============step:[67]==============
7 9 x x 
3 1 x x 
3 1 4 4 
5 2 6 0 
5 2 0 8 
=============step:[68]==============
7 9 x x 
3 1 x x 
3 1 4 4 
5 2 0 0 
5 2 6 8 
=============step:[69]==============
7 9 x x 
3 1 x x 
3 1 0 0 
5 2 4 4 
5 2 6 8 
=============step:[70]==============
7 9 0 0 
3 1 x x 
3 1 x x 
5 2 4 4 
5 2 6 8 
=============step:[71]==============
7 0 9 0 
3 1 x x 
3 1 x x 
5 2 4 4 
5 2 6 8 
=============step:[72]==============
0 7 9 0 
3 1 x x 
3 1 x x 
5 2 4 4 
5 2 6 8 
=============step:[73]==============
3 7 9 0 
3 1 x x 
0 1 x x 
5 2 4 4 
5 2 6 8 
=============step:[74]==============
3 7 9 0 
3 1 x x 
5 1 x x 
5 2 4 4 
0 2 6 8 
=============step:[75]==============
3 7 0 9 
3 1 x x 
5 1 x x 
5 2 4 4 
0 2 6 8 
=============step:[76]==============
3 0 7 9 
3 1 x x 
5 1 x x 
5 2 4 4 
0 2 6 8 
=============step:[77]==============
3 1 7 9 
3 1 x x 
5 0 x x 
5 2 4 4 
0 2 6 8 
=============step:[78]==============
3 1 7 9 
3 1 x x 
5 2 x x 
5 2 4 4 
0 0 6 8 
=============step:[79]==============
3 1 7 9 
3 1 x x 
5 2 x x 
5 2 4 4 
0 6 0 8 
=============step:[80]==============
3 1 7 9 
3 1 x x 
5 2 x x 
5 2 4 4 
6 0 0 8 
=============step:[81]==============
3 1 7 9 
3 1 x x 
5 2 x x 
5 2 4 4 
6 0 8 0 
=============step:[82]==============
3 1 7 9 
3 1 x x 
5 2 x x 
5 2 4 4 
6 8 0 0 
=============step:[83]==============
3 1 7 9 
3 1 x x 
5 2 x x 
5 2 0 0 
6 8 4 4 
=============step:[84]==============
3 1 7 9 
3 1 0 0 
5 2 x x 
5 2 x x 
6 8 4 4 
=============step:[85]==============
3 1 0 9 
3 1 7 0 
5 2 x x 
5 2 x x 
6 8 4 4 
=============step:[86]==============
3 1 0 9 
3 1 0 7 
5 2 x x 
5 2 x x 
6 8 4 4 
=============step:[87]==============
3 0 1 9 
3 0 1 7 
5 2 x x 
5 2 x x 
6 8 4 4 
=============step:[88]==============
3 0 1 9 
3 2 1 7 
5 2 x x 
5 0 x x 
6 8 4 4 
=============step:[89]==============
3 2 1 9 
3 2 1 7 
5 0 x x 
5 0 x x 
6 8 4 4 
=============step:[90]==============
3 2 1 9 
3 2 1 7 
5 x x 0 
5 x x 0 
6 8 4 4 
=============step:[91]==============
3 2 1 9 
3 2 1 0 
5 x x 7 
5 x x 0 
6 8 4 4 
=============step:[92]==============
3 2 1 9 
3 2 1 0 
5 x x 0 
5 x x 7 
6 8 4 4 
=============step:[93]==============
3 2 1 0 
3 2 1 9 
5 x x 0 
5 x x 7 
6 8 4 4 
=============step:[94]==============
3 2 1 0 
3 2 1 0 
5 x x 9 
5 x x 7 
6 8 4 4 
=============step:[95]==============
3 2 0 1 
3 2 0 1 
5 x x 9 
5 x x 7 
6 8 4 4 
=============step:[96]==============
3 0 2 1 
3 0 2 1 
5 x x 9 
5 x x 7 
6 8 4 4 
=============step:[97]==============
0 3 2 1 
0 3 2 1 
5 x x 9 
5 x x 7 
6 8 4 4 
=============step:[98]==============
0 3 2 1 
5 3 2 1 
5 x x 9 
0 x x 7 
6 8 4 4 
=============step:[99]==============
5 3 2 1 
5 3 2 1 
0 x x 9 
0 x x 7 
6 8 4 4 
=============step:[100]==============
5 3 2 1 
5 3 2 1 
x x 0 9 
x x 0 7 
6 8 4 4 
=============step:[101]==============
5 3 2 1 
5 3 2 1 
x x 0 9 
x x 7 0 
6 8 4 4 
=============step:[102]==============
5 3 2 1 
5 3 2 1 
x x 7 9 
x x 0 0 
6 8 4 4 
=============step:[103]==============
5 3 2 1 
5 3 2 1 
x x 7 9 
x x 4 4 
6 8 0 0 
=============step:[104]==============
5 3 2 1 
5 3 2 1 
x x 7 9 
x x 4 4 
6 0 8 0 
=============step:[105]==============
5 3 2 1 
5 3 2 1 
x x 7 9 
x x 4 4 
0 6 8 0 
=============step:[106]==============
5 3 2 1 
5 3 2 1 
x x 7 9 
x x 4 4 
0 6 0 8 
=============step:[107]==============
5 3 2 1 
5 3 2 1 
x x 7 9 
x x 4 4 
0 0 6 8 
=============step:[108]==============
5 3 2 1 
5 3 2 1 
0 0 7 9 
x x 4 4 
x x 6 8 
=============step:[109]==============
5 3 2 1 
5 3 2 1 
0 7 0 9 
x x 4 4 
x x 6 8 
=============step:[110]==============
5 3 2 1 
5 3 2 1 
7 0 0 9 
x x 4 4 
x x 6 8 
=============step:[111]==============
5 3 2 1 
5 3 2 1 
7 0 9 0 
x x 4 4 
x x 6 8 
=============step:[112]==============
5 3 2 1 
5 3 2 1 
7 9 0 0 
x x 4 4 
x x 6 8 
=============step:[113]==============
5 3 2 1 
5 3 2 1 
7 9 4 4 
x x 0 0 
x x 6 8 
=============step:[114]==============
5 3 2 1 
5 3 2 1 
7 9 4 4 
x x 6 0 
x x 0 8 
=============step:[115]==============
5 3 2 1 
5 3 2 1 
7 9 4 4 
x x 0 6 
x x 0 8 
=============step:[116]==============
5 3 2 1 
5 3 2 1 
7 9 4 4 
0 x x 6 
0 x x 8 
